path,line,signature
pandas/core/dtypes/missing.py,179,pandas.core.dtypes.missing$_isna_old(obj)
